%YAML:1.0
Origin: [ 320., 220. ]
Step: 40.
Size: [ 6, 4 ]