%YAML:1.0
Size: [800, 400]