%YAML:1.0
calib_time: "Fri December 04 2015 - 16:17:20"
transform_mat: !!opencv-matrix
   rows: 3
   cols: 3
   dt: d
   data: [ 1.6190352538851965e-01, 3.3937150327621884e-01,
       7.3020436459157565e+01, -4.2959438519267851e-01,
       2.9194083339772070e-01, 5.3382564953224187e+02,
       -2.2013904649996751e-04, 9.3952191360864720e-05, 1. ]
