%YAML:1.0
Origin: [ 320., 220. ]
Step: 20.
Size: [ 6, 8 ]