%YAML:1.0
Size: [ 1000, 1000 ]