%YAML:1.0
Width: 1000.
Height: 1000.