%YAML:1.0
calib_time: "Wed December 16 2015 - 19:24:33"
transform_mat: !!opencv-matrix
   rows: 3
   cols: 3
   dt: d
   data: [ -3.3823712432199882e-01, 4.1863358164762232e-01,
       -5.9665529916717162e+02, -2.2071219368157839e+00,
       -2.3000570127737046e+00, 7.8829746918764215e+02,
       -9.6698229097494880e-04, -6.9115099897636536e-03, 1. ]
