%YAML:1.0
calib_time: "Wed December 16 2015 - 19:11:25"
transform_mat: !!opencv-matrix
   rows: 3
   cols: 3
   dt: d
   data: [ -1.2943611331140632e+01, -6.9418989269553464e+01,
       9.5522223920614306e+03, 2.0326393145336326e+01,
       -2.5719491502423789e+01, -6.2896477217092161e+03,
       -2.2472283181310344e-02, -5.6646701578858531e-02, 1. ]
